2147483647C
57507 1
1293 1
1293 1
1293 1
1293 1
1293 1
1293 1
1293 1
1293 1
1293 1
1293 1
1293 1
1293 1
1293 1
1293 1
1293 1
1293 1
1293 1
1293 1
1293 1
1293 1
1293 1
1293 1
1293 1
1293 1
1293 1
1293 1
1293 1
1293 1
1293 1
1293 1
1293 1
1293 1
1293 1
1293 1
1293 1
1293 1
1293 1
1293 1
1293 1
1293 1
1293 1
1293 1
1293 1
1293 1
1293 1
1293 1
1293 1
1293 1
1293 1
1293 1
1293 1
1293 1
1293 1
1293 1
1293 1
1293 1
1293 1
1293 1
1293 1
1293 1
1293 1
1293 1
1293 1
1293 1
1293 1
1293 1
1293 1
1293 1
1293 1
1293 1
1293 1
1293 1
1293 1
1293 1
1293 1
1293 1
1293 1
1293 1
1293 1
1293 1
1293 1
1293 1
1293 1
1293 1
1293 1
1293 1
1293 1
1293 1
1293 1
1293 1
1293 1
1293 1
1293 1
1293 1
1293 1
1293 1
1293 1
1293 1
1293 1
1293 1
1293 1
1293 1
1293 1
1293 1
1293 1
1293 1
1293 1
1293 1
1293 1
1293 1
1293 1
1293 1
1293 1
1293 1
1293 1
1293 1
1293 1
1293 1
1293 1
1293 1
1293 1
1293 1
1293 1
1293 1
1293 1
1293 1
1293 1
1293 1
1293 1
1293 1
1293 1
1293 1
1293 1
1293 1
1293 1
1293 1
1293 1
1293 1
1293 1
1293 1
1293 1
1293 1
1293 1
1293 1
1293 1
1293 1
1293 1
1293 1
1293 1
1293 1
1293 1
1293 1
1293 1
1293 1
1293 1
1293 1
1293 1
1293 1
1293 1
1293 1
1293 1
1293 1
1293 1
1293 1
1293 1
1293 1
1293 1
1293 1
1293 1
1293 1
1293 1
1293 1
1293 1
